12850
32199
43463
48228
4590
17774
23337
14893
21380
62913
45786
31943
19276
8517
8559
21649
49691
41749
43591
20264
5015
3230
14869
62309
22822
58568
28990
23378
5179
41681
21055
15440
60552
7129
50793
46304
23274
24997
12170
59207
3324
30553
45775
24059
37214
28176
46016
62858
26226
23491
11373
62704
56869
41709
32169
42013
52885
23829
46633
65102
43538
42565
40228
42362
7859
32607
27601
29612
40738
506
44022
35014
24974
30120
14400
32053
14076
17632
40951
5836
45762
58231
60142
672
6242
415
54917
22383
27327
14674
33141
3638
21537
6380
11372
58479
55184
41215
16592
54013
19315
7403
28836
10413
53235
37489
10601
34122
43730
50119
9119
11582
58217
5763
59445
6951
28072
20450
16376
40962
51014
28947
42612
30825
20591
35862
48331
53654
58873
59411
205
32873
28703
31478
38151
33473
41732
41354
64995
1446
5884
8197
25202
31693
64346
7874
5028
38351
57382
55882
1602
4695
42794
44800
10713
44799
27782
40904
27772
62605
51005
20629
4041
289
56552
2479
12920
51957
30070
56086
2543
64714
9829
35163
56390
33811
17695
64011
62494
5891
8055
20076
20419
26535
56581
29567
62339
55239
54601
24208
32680
24912
23195
29206
56170
65337
21031
8140
35812
19652
6805
3756
14013
52179
32544
7769
8178
28660
55498
8613
24465
45583
13371
10088
33564
47561
54853
30825
11591
42057
56272
59993
41426
52821
55739
59309
35081
24550
18154
12862
21104
25495
27645
22418
42935
4856
29122
29111
15164
62529
42745
53942
49024
5092
179
52097
2659
22545
19298
54716
52918
21196
12099
64058
9277
25520
38443
39148
28854
41669
50188
31293
34601
19494
31830
53740
52429
63246
23993
8353
26562
11355
35015
30646
25228
14040
5722
55979
62278
46388
38174
26444
54768
22612
2991
43336
47451
49976
64469
25550
58694
2583
54349
3165
31145
20186
44810
53484
25020
20489
19116
64010
29924
61142
54475
45794
23296
8041
24703
11807
60470
60968
9917
62328
44388
13221
56808
5738
11571
51620
22651
42926
51548
3079
2417
57505
25541
49969
13571
5639
55898
16510
14032
14080
28332
6935
63761
35244
27227
8704
9182
2284
7828
27144
44349
37592
16033
59718
56412
21803
39631
34995
59441
12596
29043
36075
38486
19339
8755
27675
28258
35109
48095
46631
39490
17407
443
24572
39445
12592
31190
12721
54076
63882
26074
4852
21394
55536
12828
43139
5360
12168
40610
64072
42711
1866
21224
25221
32269
26669
35386
44385
45371
61909
25393
21344
40805
39742
7218
64375
46777
64420
8179
47101
14592
60524
25537
42999
43997
15845
56315
6509
28633
14537
1524
60559
26259
39182
4
41032
22521
62269
56403
6661
62799
12669
47148
16817
36920
12293
19355
62263
20805
59080
45829
30102
30159
61329
61810
42978
48556
18730
21986
54239
10103
45388
31563
42783
43851
52417
61702
11414
10469
5928
54237
56228
58564
32396
19945
27977
63668
60159
22483
17988
7515
19294
26810
60448
21536
10007
28073
21814
47405
64825
17847
32636
13616
47963
45016
51484
51997
28607
39468
7940
53535
43297
54208
29401
53729
8366
28690
43392
65056
46986
39671
38821
45813
11668
676
53491
28892
29387
26596
21248
53103
1084
53619
7350
13127
24829
33244
57433
54238
34666
20159
26524
36754
22326
45081
20636
4551
11772
40222
15968
27505
41481
38473
53761
50783
44671
34755
2268
47353
17598
10379
23230
44948
7622
16358
63180
13239
60104
40981
14712
46478
800
28956
16160
6623
18270
38116
51368
15404
51503
60842
24352
62113
34618
17438
17472
58670
7812
35604
44257
48140
10453
38425
35646
10515
19844
50821
48846
3088
1971
10795
26894
12759
20270
28606
57417
51579
42897
35240
56538
53268
24786
59572
2472
8970
54403
42696
46893
14397
12497
32531
38912
21483
32092
63306
53382
29420
19179
1072
20381
38476
17896
52754
3527
4227
18622
3910
2574
24003
44755
4637
24982
48523
28531
17651
53012
38078
55621
5244
64537
51877
53195
38474
65012
8517
56471
4671
58542
38886
45551
43265
39664
26285
23703
57981
19331
6392
4812
33162
51934
54043
36684
27610
64293
21600
15576
5910
1333
51429
10546
49217
29822
54712
4737
45274
35576
23864
46932
10413
27082
34758
29874
51987
16212
30358
50885
65088
32635
20659
19480
51610
5356
52998
55638
59644
29722
6110
8235
60693
57621
16146
36761
65494
4766
37372
54048
55047
35972
32752
41087
20740
40134
19851
3638
26699
18222
17506
12065
36032
44387
65216
9750
60620
39785
8510
53138
59346
60595
63365
49971
22135
64118
16291
5054
52895
21287
3363
26209
49340
41746
15424
51633
44188
8522
60071
62994
38181
37054
59460
11477
57179
9613
62518
56547
28871
30921
55763
11254
59270
25403
27848
59009
22941
47188
56083
36389
3469
45013
34052
62464
59933
31969
20536
12485
64220
26268
22329
54558
55421
24352
40475
53593
15311
58376
39342
4148
42635
7686
29760
54758
14790
5485
64963
9894
22031
9836
40540
20204
9
2836
51098
61479
46345
6583
43718
65127
2405
9604
10057
64301
13397
37966
17489
34627
26538
10436
16832
32073
17020
2784
38792
2364
53616
15061
42229
16991
54209
46007
31821
21783
34269
38049
6138
13801
6060
6047
26185
38312
33085
30505
21758
38328
23463
5155
20400
49690
12462
51380
16507
39392
49517
53024
60238
28260
44605
38961
40445
25038
48992
23025
27620
38629
37408
42797
6219
17069
22530
34991
6191
54416
37111
1275
45020
10132
38183
53340
46143
65320
29248
47087
18401
36902
6824
54491
33267
41830
25959
27604
5971
57000
37789
44569
15273
56095
24351
7933
14535
4770
21605
53707
62862
1456
62432
53642
28924
49569
51986
64922
17182
38732
6094
19666
35167
7082
16121
29617
22441
46591
18262
13067
18687
3430
61299
23028
6662
41839
57155
43409
11182
7730
55573
4706
19648
689
54821
6771
29766
31873
18422
61798
64859
57804
39995
48165
7240
51021
58552
52498
26260
3757
41544
51321
28758
34684
6517
32397
21157
42925
60164
36416
56900
63602
33478
38196
54263
2028
5634
54076
38572
45891
41085
10544
56271
10280
34378
20025
10575
3126
8403
61823
53216
19653
41471
23421
12470
30341
61462
32698
49351
25138
43978
28636
30409
3735
44579
51732
19679
47351
25063
14645
47457
32540
18998
64083
35833
60138
25093
52492
23296
53699
19673
52940
39389
37761
19557
49299
